function [baseMVA, bus, gen, branch] = ACdata
%case 5 nodes    Power flow data for 5 bus, 2 generator case.
%   Please see 'help caseformat' for details on the case file format.
%
%   case file can be used together with dc case files "case5_stagg_....m"
%
%   Network data from ...
%   G.W. Stagg, A.H. El-Abiad, "Computer methods in power system analysis",
%   McGraw-Hill, 1968.
%
%   MATPOWER case file data provided by Jef Beerten.

%% MATPOWER Case Format : Version 1
%%-----  Power Flow Data  -----%%
%% system MVA base
baseMVA = 1000;

%% bus data
%  1        2       3       4       5   6       7       8       9   10         11       12  13
%  BUS_I, BUS_TYPE, PD,     QD,     GS, BS,  BUS_AREA,  VM,     VA, BASE_KV, ZONE,    VMAX, VMIN
%	bus_i	type	Pd      Qd      Gs	Bs      area	Vm      Va	baseKV	 zone     Vmax	Vmin
bus = [
	1       1       0       0       0	0       1       1.0     0      0       1       1.1     0.9;
	2       1       0       0   	0	0       1       1.0 	 0      0       1       1.1     0.9;
	3       1       0   	0       0	0       1       1.0 	 0   	0       1       1.1     0.9;
	4       2       0   	0   	0	0       1       1.05	 0      0       1       1.1     0.9;
	5       1       0       0       0	0       1       1.00	 0    	0       1       1.1     0.9;
	6       2       0       0    	0	0       1       1.00	 0      0       1       1.1     0.9;
	7       1       0       0       0   0       1       1.00	 0      0       1       1.1 	0.9;
	8       1       0       0       0	0       1       1.00	 0      0       1       1.1 	0.9;   
    9       1       0     	0    	0	0       1       1.00	 0      0       1       1.1     0.9;
	10      1       0       0       0	0       1       1.00	 0      0       1       1.1 	0.9;
	11      1       0       0       0	0       1       1.00	 0      0       1       1.1     0.9;
	12       1       0       0       0	0       1       1.0     0      0       1       1.1     0.9;
	13       1       0       0   	0	0       1       1.0 	 0      0       1       1.1     0.9;
	14       1       0   	0       0	0       1       1.0 	 0   	0       1       1.1     0.9;
	15       1       0   	0   	0	0       1       1.05	 0      0       1       1.1     0.9;
	16       1       0       0       0	0       1       1.00	 0    	0       1       1.1     0.9;
	17       1       0       0    	0	0       1       1.00	 0      0       1       1.1     0.9;
	18       1       0       0       0   0       1       1.00	 0      0       1       1.1 	0.9;
	19       1       0       0       0	0       1       1.00	 0      0       1       1.1 	0.9;   
    20       1       0     	0    	0	0       1       1.00	 0      0       1       1.1     0.9;
	21      1       0       0       0	0       1       1.00	 0      0       1       1.1 	0.9;
	22      1       0       0       0	0       1       1.00	 0      0       1       1.1     0.9;
	23       1       0       0       0	0       1       1.0     0      0       1       1.1     0.9;
	24       1       0       0   	0	0       1       1.0 	 0      0       1       1.1     0.9;
	25       1       0   	0       0	0       1       1.0 	 0   	0       1       1.1     0.9;
	26       1       0   	0   	0	0       1       1.05	 0      0       1       1.1     0.9;
	27       1       0       0       0	0       1       1.00	 0    	0       1       1.1     0.9;
	28       1       0       0    	0	0       1       1.00	 0      0       1       1.1     0.9;
	29       1       0       0       0   0       1       1.00	 0      0       1       1.1 	0.9;
	30       1       0       0       0	0       1       1.00	 0      0       1       1.1 	0.9;   
    31       1       0     	0    	0	0       1       1.00	 0      0       1       1.1     0.9;
	32      1       0       0       0	0       1       1.00	 0      0       1       1.1 	0.9;
	33      1       0       0       0	0       1       1.00	 0      0       1       1.1     0.9;
	34       1       0       0       0	0       1       1.00	 0      0       1       1.1 	0.9;   
    35       1       0     	0    	0	0       1       1.00	 0      0       1       1.1     0.9;
	36      1       0       0       0	0       1       1.00	 0      0       1       1.1 	0.9;
	37      1       0       0       0	0       1       1.00	 0      0       1       1.1     0.9;    
	38      1       0       0       0	0       1       1.00	 0      0       1       1.1     0.9;            
    39      3       0       0       0	0       1       1.00	 0      0       1       1.1     0.9;
    ];
%-400MVar£»250MW£»120MW£¬140Mvar£»
%% generator data
%   1       2       3       4      5    6       7           8           9   10
% GEN_BUS, PG,    QG,      QMAX, QMIN, VG,      MBASE,    GEN_STATUS, PMAX, PMIN,
%	bus	  Pg      Qg	   Qmax	 Qmin	Vg      mBase       status	Pmax	Pmin
gen = [
%     1    1000     0   1000     -400    1.0     100     1       1000     0;
%     2    1000     0    5000     -400    1.0     100     1       1000 	 0;
%     3    1000     0    5000     -400    1.0     100     1       1000 	 0;
    4    0     0    5000     -400    1.0     100     1       1000 	 0;
%     5    1000     0   1000     -400    1.0     100     1       1000     0;
    6    0     0    5000     -400    1.0     100     1       1000 	 0;
%     7    1000     0    5000     -400    1.0     100     1       1000 	 0;
%     8    1000     0    5000     -400    1.0     100     1       1000 	 0;
%     9    1000     0   1000     -400    1.0     100     1       1000     0;
%     10    1000     0    5000     -400    1.0     100     1       1000 	 0;
%     11    1000     0    5000     -400    1.0     100     1       1000 	 0;
    39    0     0      10000     -4000    1.0     100     1       100000     -100000;
%     3    0     0    4000     -400    1.03     100 	1       1000     0;
%     4    650     0    2400     -400    1.01     100 	1       1000     0;
    ];

%% branch data
%  1        2       3       4           5           6       7       8       9       10      11          12       13
%  F_BUS,  T_BUS, BR_R,    BR_X,      BR_B,        RATE_A, RATE_B,  RATE_C, TAP,   SHIFT,  BR_STATUS, ANGMIN, ANGMAX,
%	fbus	tbus	r       x           b           rateA	rateB	rateC	ratio	angle	status
